      8 0 1
      4 0 2
      6 0 3
      4 0 4
     10 0 5
      8 0 6
      4 0 7
      5 0 8
      4 0 9
      4 0 10
      1 0 11
      8 0 12
      2 0 13
      5 0 14
      5 0 15
      3 0 16
      4 0 17
      6 0 18
      5 0 19
     10 0 20
      4 0 21
      5 0 22
      6 0 23
      9 0 24
      5 0 25
      5 0 26
      3 0 27
      1 0 28
      3 0 29
      4 0 30
      3 0 31
      1 0 32
      3 0 33
      5 0 34
      9 0 35
      8 0 36
      8 0 37
      7 0 38
      2 0 39
      9 0 40
      2 1 0
      3 1 2
      7 1 3
      8 1 4
      5 1 5
      9 1 6
      6 1 8
     10 1 9
      6 1 10
      7 1 11
      6 1 12
      6 1 13
      4 1 14
      6 1 15
      4 1 16
      5 1 17
      5 1 18
      4 1 19
      6 1 20
      3 1 21
      6 1 22
      3 1 23
      6 1 24
     11 1 25
      6 1 26
      1 1 27
      4 1 28
      9 1 29
      6 1 30
      4 1 31
      9 1 32
      7 1 33
      6 1 34
      5 1 35
      6 1 36
     10 1 37
     10 1 38
      4 1 39
      1 1 40
      4 2 0
      3 2 1
      4 2 3
      6 2 4
      6 2 5
      5 2 6
      4 2 7
      1 2 8
      5 2 9
     11 2 10
      5 2 11
      5 2 12
      5 2 13
      5 2 14
      5 2 15
      6 2 16
      5 2 17
      7 2 18
      4 2 19
     11 2 20
      4 2 21
      7 2 22
      5 2 23
      4 2 24
      4 2 25
      3 2 26
     11 2 27
      5 2 28
      9 2 29
      8 2 30
      5 2 31
      3 2 32
      8 2 33
      7 2 34
      8 2 35
      2 2 36
      5 2 37
     10 2 38
      4 2 39
     10 2 40
     10 3 0
      9 3 1
     10 3 2
      5 3 4
      5 3 5
      6 3 6
      6 3 7
      8 3 8
      7 3 9
      6 3 10
      4 3 11
      5 3 12
      8 3 13
      4 3 14
      1 3 15
      5 3 16
      6 3 17
      2 3 18
      2 3 19
      3 3 20
      8 3 21
      7 3 22
      8 3 23
      7 3 24
      7 3 25
      9 3 26
      5 3 27
      2 3 28
     14 3 29
      3 3 30
      8 3 31
      5 3 32
      4 3 33
      3 3 34
      3 3 35
      9 3 36
      2 3 37
      8 3 38
      9 3 39
      8 3 40
      4 4 0
      4 4 1
      5 4 2
      4 4 3
      8 4 5
      5 4 6
      4 4 7
      8 4 8
      9 4 9
      3 4 10
      5 4 11
     12 4 12
      5 4 13
      6 4 14
      4 4 15
      2 4 16
      3 4 17
      5 4 18
      6 4 19
      9 4 20
      3 4 21
      2 4 22
      5 4 23
      6 4 24
      7 4 25
      5 4 26
      5 4 27
      5 4 28
      5 4 29
      5 4 30
      7 4 31
      4 4 32
      9 4 33
      4 4 34
     10 4 35
      4 4 36
      5 4 37
      6 4 38
      7 4 39
      6 4 40
      5 5 0
      8 5 1
      1 5 2
      4 5 3
      9 5 4
      6 5 6
      8 5 7
      3 5 8
      3 5 9
      3 5 10
      8 5 11
      3 5 12
      6 5 13
      7 5 14
      6 5 15
      4 5 16
      7 5 17
      4 5 18
      8 5 19
      5 5 20
     10 5 21
      5 5 22
      6 5 23
      5 5 24
      4 5 25
      6 5 26
      5 5 27
      5 5 28
      5 5 29
      5 5 30
      4 5 31
      6 5 32
      7 5 33
     15 5 34
      2 5 35
      6 5 36
      4 5 37
      2 5 38
      6 5 39
      6 5 40
      5 6 0
      3 6 1
      4 6 2
      3 6 3
      3 6 4
      8 6 5
      5 6 7
      8 6 8
      6 6 9
      8 6 10
      8 6 11
      5 6 12
      4 6 13
      4 6 14
      7 6 15
      5 6 16
      4 6 17
      3 6 18
      4 6 19
      4 6 20
      8 6 21
      9 6 22
      2 6 23
      6 6 24
      3 6 25
      3 6 26
      2 6 27
      9 6 28
      4 6 29
      7 6 30
      3 6 31
      5 6 32
      8 6 33
      6 6 34
      3 6 35
      7 6 36
      5 6 37
     10 6 38
      8 6 39
      8 6 40
      8 7 0
      4 7 1
      3 7 2
      8 7 3
      5 7 4
      2 7 5
      7 7 6
      8 7 8
      5 7 9
      7 7 10
      3 7 11
      4 7 12
      3 7 13
      3 7 14
      7 7 15
      7 7 16
      5 7 17
      7 7 18
      6 7 19
      3 7 20
      3 7 21
      5 7 22
      3 7 23
      2 7 24
      2 7 25
      6 7 26
      8 7 27
      6 7 28
      9 7 30
      8 7 31
      5 7 32
      8 7 33
     13 7 34
      6 7 35
      7 7 36
      8 7 37
      5 7 38
      6 7 39
      5 7 40
      8 8 0
      4 8 1
      5 8 2
      5 8 3
      1 8 4
      7 8 5
      7 8 6
      5 8 7
      3 8 9
      5 8 10
      4 8 11
      9 8 12
      6 8 13
     11 8 14
      7 8 15
     10 8 16
      5 8 17
      6 8 18
      7 8 19
      8 8 20
      3 8 21
      5 8 22
      6 8 23
      6 8 24
      8 8 25
      6 8 26
      5 8 27
      9 8 28
      8 8 29
     12 8 30
      5 8 31
      5 8 32
      7 8 33
      9 8 34
      5 8 35
      7 8 36
      4 8 37
      5 8 38
      5 8 39
      2 8 40
      3 9 0
      7 9 1
      6 9 2
      5 9 3
      1 9 4
      7 9 5
      6 9 6
      4 9 7
      4 9 8
      4 9 10
      8 9 11
      4 9 12
      8 9 13
      4 9 14
      3 9 15
      6 9 16
      1 9 17
      4 9 18
      9 9 19
      4 9 20
      5 9 21
     11 9 22
      2 9 23
      7 9 24
      4 9 25
      7 9 26
      5 9 27
      5 9 28
      1 9 29
      5 9 30
      5 9 31
      7 9 32
      7 9 33
      3 9 34
      2 9 35
      6 9 36
      6 9 37
      4 9 38
      4 9 39
      5 9 40
      3 10 0
      5 10 1
      4 10 2
      3 10 3
      3 10 4
      7 10 5
      7 10 6
      4 10 7
      9 10 8
      7 10 9
      7 10 12
      8 10 13
      6 10 14
      4 10 15
      3 10 16
      4 10 17
      3 10 18
      6 10 19
      9 10 20
      7 10 21
      8 10 22
      6 10 23
      4 10 24
      1 10 25
      4 10 26
      3 10 27
      2 10 28
      8 10 29
      3 10 30
      2 10 31
      4 10 32
      4 10 33
      4 10 34
      4 10 35
      3 10 36
      3 10 37
     10 10 38
      5 10 39
      9 10 40
      5 11 0
      7 11 1
      5 11 2
      4 11 3
      4 11 4
      6 11 5
      9 11 6
      5 11 7
      4 11 8
      5 11 9
      5 11 10
      5 11 12
      3 11 13
      5 11 14
      5 11 15
      5 11 16
      5 11 17
      5 11 18
      4 11 19
      4 11 20
      6 11 21
      4 11 22
      6 11 23
      3 11 24
      9 11 25
      5 11 26
      8 11 27
      4 11 28
      3 11 30
      7 11 31
      6 11 32
      8 11 33
      2 11 34
      2 11 35
      8 11 36
      3 11 37
      7 11 38
      9 11 39
      4 11 40
      4 12 0
      5 12 1
      4 12 2
      7 12 3
      7 12 4
      6 12 5
      5 12 6
      5 12 7
      8 12 8
      6 12 9
      9 12 10
      9 12 11
      5 12 13
      4 12 14
      9 12 15
      2 12 16
      6 12 17
      8 12 18
      1 12 19
      8 12 20
      6 12 21
      3 12 22
      6 12 23
     14 12 24
      3 12 25
      7 12 26
      2 12 27
      4 12 28
      3 12 29
      6 12 30
      7 12 31
      5 12 32
      7 12 33
      6 12 34
      6 12 35
      6 12 36
      2 12 37
      7 12 38
      5 12 39
      8 12 40
      1 13 0
      4 13 1
      6 13 2
     10 13 3
      5 13 4
     13 13 5
      4 13 6
     10 13 7
      5 13 8
      6 13 9
      4 13 10
      4 13 11
      2 13 12
      7 13 14
      3 13 15
      6 13 16
      5 13 17
      6 13 18
      3 13 19
     11 13 20
      7 13 21
      9 13 22
      5 13 23
      5 13 24
      4 13 25
      6 13 26
      7 13 27
      9 13 28
      6 13 29
      9 13 30
      9 13 31
      8 13 32
      5 13 33
      6 13 34
      7 13 35
      5 13 36
      4 13 37
      8 13 38
      5 13 39
      7 13 40
      6 14 0
     10 14 1
      3 14 2
      6 14 3
     11 14 4
      4 14 5
      5 14 6
      9 14 7
      8 14 8
      2 14 9
      3 14 10
      8 14 11
      8 14 12
      6 14 13
      6 14 15
      9 14 16
      3 14 17
      3 14 18
      3 14 19
      7 14 20
      3 14 21
      7 14 22
     10 14 23
      5 14 24
      1 14 25
      7 14 26
      3 14 27
      6 14 28
      5 14 29
      6 14 30
      6 14 31
      7 14 32
      6 14 33
      3 14 34
      3 14 35
      6 14 36
      6 14 37
      4 14 38
      4 14 39
      6 14 40
      8 15 0
      3 15 1
      6 15 2
      8 15 3
      4 15 4
      6 15 5
      6 15 6
      7 15 7
     13 15 8
      5 15 9
      7 15 10
      7 15 11
      6 15 12
      7 15 13
      7 15 14
      7 15 16
      7 15 17
      5 15 18
     10 15 19
      5 15 20
      6 15 21
      5 15 22
      3 15 23
      5 15 24
      5 15 25
      6 15 26
      8 15 27
      3 15 28
      5 15 29
      3 15 30
      5 15 31
      8 15 32
      7 15 33
      4 15 34
      4 15 35
      8 15 36
      8 15 37
     10 15 38
      5 15 39
      6 15 40
      7 16 0
      6 16 1
      4 16 2
      3 16 3
      3 16 4
     11 16 5
      6 16 6
      9 16 7
      6 16 8
      8 16 9
     10 16 10
      8 16 11
      4 16 12
      9 16 13
      5 16 14
      4 16 15
      7 16 17
      5 16 18
      8 16 19
      2 16 20
      5 16 21
      1 16 22
      4 16 23
      8 16 24
      5 16 25
      3 16 26
      7 16 27
      2 16 28
      4 16 29
      4 16 30
      8 16 31
      5 16 32
      6 16 33
      9 16 34
      2 16 35
      3 16 36
      7 16 37
      1 16 38
      6 16 39
      6 16 40
      3 17 0
      5 17 1
      3 17 2
      9 17 3
      5 17 4
      3 17 5
      6 17 6
      7 17 7
      4 17 8
      2 17 9
      4 17 10
      6 17 11
      8 17 12
      6 17 13
      8 17 14
      8 17 15
      8 17 16
      8 17 18
      6 17 19
      7 17 20
      3 17 21
      4 17 22
      4 17 23
      5 17 24
     10 17 25
      6 17 26
      3 17 27
      5 17 28
      4 17 29
      3 17 30
      3 17 31
      8 17 32
      5 17 33
      6 17 34
      8 17 35
      3 17 36
      5 17 37
      5 17 39
      4 17 40
      9 18 0
     11 18 1
      5 18 2
      2 18 3
      6 18 4
      6 18 5
      5 18 6
      4 18 7
      6 18 8
      3 18 9
      3 18 10
      8 18 11
      5 18 12
      8 18 13
      7 18 14
      9 18 15
      4 18 16
      6 18 17
      7 18 19
      5 18 20
      6 18 21
      5 18 22
     10 18 23
      4 18 24
      4 18 25
      3 18 26
      8 18 27
     10 18 28
      9 18 29
      5 18 30
      6 18 31
      3 18 32
      6 18 33
      7 18 34
      5 18 35
      9 18 36
      4 18 37
      7 18 38
      4 18 39
      8 18 40
      6 19 0
      5 19 1
     10 19 2
      9 19 3
      6 19 4
      6 19 5
      5 19 6
      1 19 7
      2 19 8
      7 19 9
      5 19 10
      9 19 11
      4 19 12
      4 19 13
      4 19 14
      8 19 15
      3 19 16
      7 19 17
     11 19 18
      4 19 20
      3 19 21
      7 19 22
      6 19 23
      5 19 24
     11 19 25
      7 19 26
      7 19 27
     12 19 28
      2 19 29
      3 19 30
      7 19 31
      6 19 32
      7 19 33
      3 19 34
      6 19 35
      3 19 36
      5 19 37
      4 19 38
      9 19 39
      5 19 40
     11 20 0
      2 20 1
      1 20 2
      6 20 3
      5 20 4
      5 20 5
      7 20 6
      4 20 7
      7 20 8
      8 20 9
      2 20 10
      3 20 11
      5 20 12
      5 20 13
      6 20 14
      7 20 15
      8 20 16
      6 20 17
      5 20 18
      5 20 19
      7 20 21
      2 20 22
      8 20 23
      5 20 24
      8 20 25
      6 20 26
      7 20 27
      4 20 28
      6 20 29
      5 20 30
      6 20 31
     10 20 32
      4 20 33
      5 20 34
      6 20 35
      6 20 36
      6 20 37
      2 20 38
      1 20 39
      9 20 40
      7 21 0
      6 21 1
      3 21 2
      4 21 3
      8 21 4
     11 21 5
      6 21 6
      9 21 7
      7 21 8
      6 21 9
      6 21 10
     13 21 11
      6 21 12
      3 21 13
      6 21 14
      6 21 15
      4 21 16
      4 21 17
      6 21 18
      2 21 19
      2 21 20
      3 21 22
     12 21 23
     10 21 24
      9 21 25
      3 21 26
      6 21 27
      3 21 28
      7 21 29
      6 21 30
      4 21 31
      7 21 32
      6 21 33
     13 21 34
      7 21 35
      6 21 36
      4 21 37
      4 21 38
      5 21 39
      6 21 40
      5 22 0
      7 22 1
      8 22 2
      6 22 3
      5 22 4
      4 22 5
      4 22 6
      4 22 7
      5 22 8
      1 22 9
      4 22 10
      7 22 11
      7 22 12
      6 22 13
      9 22 14
      8 22 15
     10 22 16
      8 22 17
      9 22 18
      6 22 19
      3 22 20
      7 22 21
      6 22 23
      4 22 24
      5 22 25
      1 22 26
      5 22 27
      4 22 28
      5 22 29
      7 22 30
      7 22 31
      7 22 32
      4 22 33
      3 22 34
     11 22 35
     14 22 36
      7 22 37
      3 22 38
      5 22 39
      1 22 40
      4 23 0
      3 23 1
      6 23 2
      6 23 3
     11 23 4
      5 23 5
      6 23 6
      2 23 7
      4 23 8
      6 23 9
      8 23 10
      6 23 11
      4 23 12
      5 23 13
      7 23 14
      4 23 15
      1 23 16
      1 23 17
      3 23 18
      5 23 19
      6 23 20
      6 23 21
      4 23 22
      6 23 24
      4 23 25
      7 23 26
      8 23 27
      8 23 28
      8 23 29
      5 23 30
      5 23 31
      5 23 32
      5 23 33
      5 23 34
      6 23 35
      7 23 36
      8 23 37
      8 23 38
      7 23 39
      2 23 40
      9 24 0
      3 24 1
      5 24 2
      4 24 3
      3 24 4
      5 24 5
      5 24 6
      7 24 7
      1 24 8
      5 24 9
      2 24 10
      8 24 11
      6 24 12
      8 24 13
      8 24 14
      3 24 15
      4 24 16
     10 24 17
      7 24 18
      8 24 19
     10 24 20
      7 24 21
      6 24 22
      6 24 23
      6 24 25
      9 24 26
      4 24 27
      2 24 28
     11 24 29
      4 24 30
      7 24 31
      4 24 32
      7 24 33
      3 24 34
      3 24 35
      3 24 36
      6 24 37
     10 24 38
      5 24 39
      7 24 40
      7 25 0
      5 25 1
      7 25 2
      5 25 3
      5 25 4
      7 25 5
      9 25 6
      7 25 7
      7 25 8
      6 25 9
      9 25 10
      4 25 11
      4 25 12
      7 25 13
      8 25 14
      3 25 15
     11 25 16
      4 25 17
      6 25 18
      7 25 19
      3 25 20
      1 25 21
      9 25 22
      6 25 23
      7 25 24
     13 25 26
      5 25 27
      4 25 28
      6 25 29
      9 25 30
      5 25 31
      8 25 32
      5 25 33
      4 25 34
      6 25 35
      8 25 36
      5 25 37
      2 25 38
      8 25 39
     10 25 40
      5 26 0
      9 26 1
      4 26 2
      4 26 3
      7 26 4
      5 26 5
     14 26 6
      8 26 7
      7 26 8
      2 26 9
      9 26 10
      6 26 11
      2 26 12
      6 26 13
     10 26 14
      7 26 15
      2 26 16
      8 26 17
      3 26 18
      8 26 19
      4 26 20
      8 26 21
      5 26 22
      7 26 23
      7 26 24
      4 26 25
      4 26 27
      2 26 28
      7 26 29
      4 26 30
      8 26 31
      2 26 32
     13 26 33
      3 26 34
      4 26 35
      5 26 36
     10 26 37
      5 26 38
      9 26 39
      4 26 40
      4 27 0
      5 27 1
      3 27 2
      8 27 3
      5 27 4
      4 27 5
      5 27 6
      5 27 7
      4 27 8
      5 27 9
      7 27 10
      7 27 11
     11 27 12
      6 27 13
      8 27 14
      7 27 15
     11 27 16
      7 27 17
      5 27 18
      5 27 19
      8 27 20
      6 27 21
      4 27 22
      6 27 23
      2 27 24
      5 27 25
      6 27 26
      4 27 28
      4 27 29
      7 27 30
      5 27 31
      7 27 32
      8 27 33
      1 27 34
      1 27 35
      6 27 36
      7 27 37
      4 27 38
     10 27 39
      8 27 40
      5 28 0
      4 28 1
      9 28 2
      6 28 3
      6 28 4
      4 28 5
      7 28 6
      5 28 7
      3 28 8
      7 28 9
      9 28 10
      7 28 11
      4 28 12
      8 28 13
      9 28 14
      5 28 15
      3 28 16
      8 28 17
      3 28 18
      9 28 19
      6 28 20
      5 28 21
      6 28 22
      4 28 23
      1 28 24
      7 28 25
      7 28 26
      3 28 27
      2 28 29
      2 28 30
      6 28 31
      7 28 32
      7 28 33
      9 28 34
      5 28 35
      8 28 36
      6 28 37
      6 28 38
      7 28 39
      4 28 40
      4 29 0
      5 29 1
      9 29 2
     10 29 3
      2 29 4
      4 29 5
      4 29 6
      4 29 7
      3 29 8
      5 29 9
      4 29 10
      8 29 11
      5 29 12
      4 29 13
      7 29 14
      4 29 15
      5 29 16
      4 29 17
      9 29 18
      4 29 19
      3 29 20
      3 29 21
      6 29 22
      7 29 23
      5 29 24
      6 29 25
      8 29 26
      6 29 27
      5 29 28
      7 29 30
      5 29 31
      4 29 32
      7 29 33
      3 29 34
     10 29 35
      6 29 36
      6 29 37
      5 29 38
      1 29 39
      6 29 40
      3 30 0
      5 30 1
     10 30 2
      5 30 3
      8 30 4
      6 30 5
      4 30 6
      5 30 7
      5 30 8
      7 30 9
      6 30 10
      8 30 11
      7 30 12
      6 30 13
      8 30 14
     11 30 15
      7 30 16
      3 30 17
      5 30 18
     10 30 19
      7 30 20
      9 30 21
      1 30 22
     13 30 23
      6 30 24
      3 30 25
      6 30 26
      4 30 27
      6 30 28
      6 30 29
      1 30 31
      5 30 32
      7 30 33
      5 30 34
      8 30 35
      5 30 36
      9 30 37
     11 30 38
      7 30 39
      7 30 40
      4 31 0
      6 31 1
      4 31 2
      2 31 3
      8 31 4
      3 31 5
      6 31 6
      4 31 7
      5 31 8
      6 31 9
      7 31 10
      6 31 11
      9 31 12
      6 31 13
      5 31 14
      3 31 15
      6 31 16
      3 31 17
      6 31 18
      2 31 19
      8 31 20
      3 31 21
     11 31 22
     10 31 23
      3 31 24
      1 31 25
      9 31 26
      6 31 27
      5 31 28
      9 31 29
      7 31 30
      6 31 32
      5 31 33
      6 31 34
      5 31 35
      7 31 36
      1 31 37
      6 31 38
      3 31 39
      6 31 40
      7 32 0
      2 32 1
     10 32 2
      3 32 3
      4 32 4
      9 32 5
      7 32 6
      6 32 7
      6 32 8
      8 32 9
      6 32 10
     10 32 11
      5 32 12
      4 32 13
      5 32 14
      4 32 16
      6 32 17
      4 32 18
      5 32 19
      5 32 20
      8 32 21
      7 32 22
      7 32 23
      9 32 24
      8 32 25
      3 32 26
      9 32 27
      7 32 28
      3 32 29
      5 32 30
      5 32 31
      3 32 33
      2 32 34
      5 32 35
      4 32 36
      5 32 37
      2 32 38
      8 32 39
      9 32 40
      4 33 0
      5 33 1
      6 33 2
      6 33 3
      7 33 4
      8 33 5
     12 33 6
      4 33 7
      5 33 8
      8 33 9
      4 33 10
      4 33 11
      3 33 12
      9 33 13
      8 33 14
      3 33 15
      2 33 16
      5 33 18
      4 33 19
      7 33 20
      7 33 21
      4 33 22
      7 33 23
      9 33 24
     10 33 25
      5 33 26
      5 33 27
      4 33 28
      5 33 29
      6 33 30
      5 33 31
      2 33 32
      9 33 34
      7 33 35
      3 33 36
      7 33 37
      6 33 38
     12 33 39
      5 33 40
      2 34 0
      6 34 1
      7 34 2
      7 34 3
      2 34 4
      7 34 5
      4 34 6
      6 34 7
      5 34 8
      5 34 9
      4 34 10
      4 34 11
      9 34 12
      6 34 13
      3 34 14
      4 34 15
      5 34 16
      5 34 17
      3 34 18
      5 34 19
      6 34 20
      4 34 21
      8 34 22
      6 34 23
      7 34 24
      5 34 25
      8 34 26
      1 34 27
     14 34 28
      1 34 29
      3 34 30
      4 34 31
      3 34 32
      7 34 33
      9 34 35
      9 34 36
      8 34 37
      7 34 38
      6 34 39
      7 34 40
      4 35 0
      7 35 1
      7 35 2
      4 35 3
      6 35 4
     10 35 5
      8 35 6
      3 35 7
      8 35 8
      8 35 9
      2 35 10
      7 35 11
      6 35 12
      6 35 13
     10 35 14
      5 35 15
      6 35 16
      5 35 17
      4 35 18
      4 35 19
      6 35 20
      7 35 21
      6 35 22
      4 35 23
      6 35 24
      5 35 25
      4 35 26
      6 35 27
      5 35 28
      3 35 29
      4 35 30
      4 35 31
      7 35 32
      4 35 33
      9 35 34
      1 35 36
     10 35 37
      8 35 38
      3 35 39
      7 35 40
     12 36 0
      6 36 1
      8 36 2
      3 36 3
      2 36 4
      4 36 5
      2 36 6
      2 36 7
      6 36 8
      6 36 9
      4 36 10
      3 36 11
      2 36 12
      5 36 13
      6 36 14
      7 36 15
      9 36 16
      5 36 17
      8 36 18
     12 36 19
      8 36 20
      8 36 21
      5 36 22
      4 36 23
      3 36 24
      7 36 25
      8 36 26
      6 36 27
      5 36 28
      3 36 29
      6 36 30
      5 36 31
      3 36 32
      2 36 33
      8 36 34
      7 36 35
     10 36 37
      7 36 38
      6 36 39
      4 36 40
      5 37 0
      4 37 1
      2 37 2
      4 37 3
      4 37 4
      5 37 5
      6 37 6
      7 37 7
     10 37 8
      3 37 9
      6 37 10
      5 37 11
      6 37 12
      6 37 13
      3 37 14
      4 37 15
      5 37 16
      4 37 17
      7 37 18
      7 37 19
      7 37 20
      4 37 21
      7 37 22
      6 37 23
      7 37 24
      4 37 25
      7 37 26
      5 37 27
      1 37 28
      8 37 29
      7 37 30
      6 37 31
      3 37 32
      6 37 33
      4 37 34
      4 37 35
      7 37 36
      9 37 38
      6 37 39
      3 37 40
      4 38 0
      8 38 1
      3 38 2
      6 38 3
      8 38 4
      7 38 5
      6 38 6
      2 38 7
      7 38 8
      7 38 9
      2 38 10
      4 38 11
     10 38 12
      6 38 13
      7 38 14
      7 38 15
      6 38 16
      7 38 17
      7 38 18
      8 38 19
      5 38 20
      3 38 21
      8 38 22
     10 38 23
      7 38 24
     16 38 25
      6 38 26
      4 38 27
     10 38 28
      7 38 29
      4 38 30
      7 38 31
      4 38 32
      4 38 33
      7 38 34
      5 38 35
      3 38 36
      7 38 37
      5 38 39
      3 38 40
      6 39 0
      3 39 1
      4 39 2
      6 39 3
     11 39 4
      3 39 5
      5 39 6
      6 39 7
      5 39 8
      5 39 9
      2 39 10
      6 39 11
      4 39 12
     11 39 13
      6 39 14
      9 39 15
      8 39 16
      7 39 17
     10 39 18
      6 39 19
      7 39 20
      7 39 21
      8 39 22
      3 39 23
      3 39 24
      7 39 26
      3 39 27
      8 39 28
      5 39 29
      4 39 30
      6 39 31
      8 39 32
      5 39 33
      5 39 34
      8 39 35
      8 39 36
      4 39 37
      2 39 38
      6 39 40
     10 40 0
      6 40 1
      3 40 2
     10 40 3
      2 40 4
      3 40 5
      3 40 6
      3 40 7
      7 40 8
      6 40 9
      8 40 10
      6 40 11
      5 40 12
      7 40 13
      9 40 14
      7 40 15
      6 40 16
      6 40 17
      6 40 18
      5 40 19
      5 40 20
      2 40 21
      5 40 22
      5 40 23
      6 40 24
      4 40 25
      6 40 26
      4 40 27
      5 40 28
      5 40 29
      9 40 30
      4 40 31
     11 40 32
      5 40 33
      8 40 34
      5 40 35
      8 40 36
      5 40 37
      5 40 38
      6 40 39
